-1.550972103394528 1.7256085407856365 5.813968811355797 5.299181758295837 4.483793030044209 0.7198366903243612 9.030434756917739 8.292023295895541 7.633995447918975 9.083574373721971 0
3.609730966623413 4.740944876155371 2.2597346812736188 8.195701653994488 7.35138015988768 7.127012882648799 6.021489453290307 8.0237314269564 9.135565313965284 12.836430370943354 1
0.947728803889682 3.5842698554030448 2.9393835102243484 0.7993341040521189 2.330078359529061 6.856643905692665 7.313532892513646 8.607838712264142 10.706834584309327 8.81289749627624 0
-2.9166084071742175 -3.6760625894793515 3.7986010240346832 -0.4102330060850643 3.5706787718318576 4.2478537928228555 2.8055231876217035 5.998604623430909 7.6398403004747415 9.00232785914201 0
6.307475686326003 3.1997119597575323 5.367731481214074 4.702057823041224 6.28983084209624 7.969906361537792 8.729810961920176 8.97713105740918 9.432646991811612 14.769351398261739 1
0.8611275875370638 0.2721393294791946 5.289146011023494 0.9541591808239454 3.027590391836088 1.516191867555234 1.348874186031031 8.761488244459468 10.9319135678422 8.297679798291883 0
1.6057624273014968 2.1204930035340595 2.357263868309837 7.710520499371946 8.51776179490343 6.493300657876078 9.769490498708045 5.708596351695753 9.745825600244803 7.122991333758316 1
1.851968167625282 2.962117097167229 6.078839852867426 4.598518204029684 3.551770706239105 6.063421634656668 5.560079482079117 6.598400701314755 8.573640614574812 10.363691379591934 0
1.5717865115545309 1.6577173952100055 3.7921817072594144 -0.1381094515795671 2.8937488184135853 3.198275623184271 5.74535217840185 10.571882307451752 7.834593133902168 9.952934251377366 0
0.9339779229735359 1.796726164381314 4.2117504147781615 4.194608883258102 4.278310616400677 6.706254620413055 10.153809738373065 7.308926195118738 12.848887881716337 10.19837959715837 1
1.4389853651544366 0.4853132838712618 -0.37656364320160485 1.2986395849102377 2.249419891083416 2.004967876334978 4.1439007756979 6.729877567661298 8.849936866664555 9.61001825214737 0
4.483994951669112 3.1023472483556436 7.562393280781336 4.657232943266577 4.683672083865519 10.640470352575015 9.634516624897984 5.074109300248857 12.690715933847656 14.365453600826177 1
3.0767779171950482 2.690590464462196 2.2422685751028246 0.6283586080205041 4.772032399766403 4.215679825854252 5.019828472659059 10.113615196162772 4.029705726162957 9.503086212872219 0
-0.6637613111951146 2.0877947503929803 2.483767262276618 5.06535921556946 6.594822941442436 6.208332451773528 6.450493956396678 9.669400650094394 9.236544453733309 8.958463969162342 1
5.354830602514374 -1.1782920600808895 3.4489829927833124 7.171871493395701 3.234110379254131 7.284146570658552 7.2030836403077885 9.981239111761285 11.639148735949723 8.74592784184218 1
-0.16334401324820513 7.856937272456297 -0.5342394649349211 5.410230402880645 7.558475008445212 8.41851259551363 11.851477526666176 6.849333505899386 11.191985006131128 12.275244113502918 1
2.6179834453241684 4.021734942443407 3.826352802174082 5.421151901748831 4.081665849706112 6.348165013110085 8.217138045830621 8.994406786531771 9.090079853287882 11.417306452622872 1
4.009144131957944 1.2999373865874306 2.3673395163544817 3.7684576562740983 4.800745521014392 7.05156814448758 8.619058152290489 11.330369703800075 9.973990744028182 13.901181865099066 1
3.9944910740090878 1.1129270616992437 2.825655679199714 6.684074781979686 7.029250748138257 4.179444922215803 11.9862396790914 8.178963009389596 9.455979334703335 12.901847648926491 1
0.25276538689330735 -0.6351841554992688 2.769679857284131 3.3844701596376097 2.123203543622556 4.775826674667076 9.40392536023615 6.611626604666558 6.893832769013191 8.721872294308215 0
-1.6429134340071188 1.859901225361237 2.1098853769209205 3.0600470453639708 3.206946968069574 6.06563525743743 5.39608291588452 4.762019254432637 5.589663215091698 9.881033225284726 0
0.09733866087636442 3.8070334371809094 3.0645291390433673 -0.03571222021700349 3.3734468589426267 3.6663208699775205 3.1537268026926646 4.595939650799572 7.175598875208049 8.97219624558347 0
-0.8183752284662985 1.2732787314750291 3.98694835805155 1.6881999024598378 4.162418117153542 5.416357465192045 8.955891758802512 7.496104506672426 7.530341584503226 4.381761043575862 0
0.7537106429816474 0.6284544800520133 3.711621763852472 5.9630680953961495 7.065626813089144 6.552738649697974 7.6718869285531195 8.779445937010555 10.358280806794442 13.012160114262787 1
5.642458584057473 -0.9944724613883662 4.414855295599358 4.302932851307405 1.0139828044619645 4.638802191120895 4.048688651305241 3.5335696096265203 9.331090609772478 8.391219129633763 0
0.4319171045512391 3.415780220655637 0.4783688663505088 6.687772588001302 3.507846889234058 3.986341221598309 6.543448528570857 10.062547096899126 10.68425696264132 11.482784207516604 1
4.302982218106372 2.863569350918378 7.02697738831515 7.005740420878032 5.659064381390122 7.381983925250584 7.683526369415924 9.16075476896209 11.37070190265101 14.306654750612168 1
3.4460258944579927 1.298361299296045 3.712076148735501 8.047340246854311 4.216478105776841 7.757955509501214 11.120840673864107 9.22457216803358 9.110291757720018 8.343128780108426 1
2.563752716621591 3.462123712898049 2.405453474423462 6.403370257614554 5.775021480556284 9.99600544481186 8.268921887078415 6.093874084232925 10.19482246760949 12.545855907031513 1
1.0039884898685305 0.007845514339673287 2.0656952293630595 4.4983220634484375 4.109291210476585 9.422581778452258 6.412801198905633 6.57955764670026 8.439148281426371 8.495432396144398 0
-1.6339399686909295 0.39868008410487665 2.1242582896513884 3.614613243163277 2.891718055277468 6.3355594587626 5.534088578675598 8.721086732091893 9.01999551799464 5.457629887626606 0
3.155834251102845 2.2546286693213133 2.614280219761264 7.398043957498362 3.6364249942527604 8.990594421528144 8.530053452910954 11.41115631147377 10.601254315223363 13.696911518074263 1
-0.6645840588545422 0.6451280254303091 0.5394677536329231 1.643067937848623 4.940219476196278 5.498455032961817 5.693291911827105 5.294768287360901 12.769830964680022 8.38895518044783 0
3.2562970993295903 1.4518596754512678 4.361430211850456 6.632921032464285 6.82526135618292 7.53788834415017 5.302110509617413 6.81460600088176 8.170063149890067 9.185074848157385 1
0.6314524780274258 3.6390413748444446 3.3345210337474036 3.6152773323011678 2.436309667374494 8.241187106411747 6.7968284345100445 7.592334159118128 7.783881880126607 10.758708733190643 0
1.522007220163977 4.3019708394676845 3.8004888986252685 9.118164533770809 6.979685398594791 8.131093461410504 8.865551288616151 9.432591404836376 8.163044875994864 8.045062914827408 1
3.9032167616871423 1.6926495536846986 5.404166882016916 4.74649358345482 6.5853558613209255 9.186482444414311 9.93763005334163 7.8294485265883695 5.435595049771102 12.465223690266791 1
3.4098620204100216 3.9689742196900664 3.0660249131146466 3.730631266875461 6.895476037722876 5.246694773244239 5.6911054214894765 5.578672833886952 9.549493861329184 14.228771792125446 1
1.3730560164672783 2.20205585723207 1.677303041922066 2.3576377905673764 7.1542106386853455 6.993050769342202 9.968844271803633 3.782017467311629 9.439401993603857 12.620300856352523 1
-0.19888287248231595 3.1780607558899296 4.8124294505128775 5.169406433067113 9.37232515405119 5.953844602335183 8.68466045530295 10.445682071962587 7.916584612094834 8.358803975736489 1
-0.40813171920726476 4.315136673139017 2.3335644848756094 6.601282731364158 1.7903564828711862 2.6948917194077087 5.281889097185186 3.335565588774896 7.867399126770804 8.703818014763568 0
2.9464221923651244 0.41523849024852044 7.197132125144499 3.249720088457338 6.15352622304614 4.7714056287712605 3.343421479369292 10.120597106304812 7.701398596187231 8.27181858187669 1
3.338946932266178 3.954658243999034 3.7134407508721323 4.01880648524049 7.979277796198309 5.821812801028215 8.625759033093868 9.04931831088965 10.304228798505475 11.458024576298275 1
1.8672253104069991 2.8535018832862438 3.2823861309152815 6.158490103615878 3.4705942162979535 5.71000281694609 11.661995011322468 7.474093915186692 7.38748701665161 14.7135817711808 1
4.955959461548078 1.380750688163046 6.7964580048435135 2.0312830621570903 6.6266396689358125 8.674958835983105 7.350096870752784 8.59226540556822 12.015592741401603 11.37421546153627 1
1.7164407001813273 2.914661674471063 6.036417981992019 3.666264943374939 8.957026231607166 7.848404237017592 8.660160436426812 11.95264105263489 9.448478446496951 13.353794117955667 1
-0.4593961078970278 2.005777954409427 1.7545973782912438 0.008139778350427562 6.791476260729906 6.211259826076496 4.859437273065499 6.661957051835793 5.49459249922905 7.119290823508839 0
3.493381169415029 1.3987959038964097 2.89225112703123 5.445203001662957 3.42558407273318 5.337402570687878 11.367317140606774 10.717891402963591 11.13289379313195 12.247046549642375 1
-0.9264054454368403 2.549006621878105 -0.896905292502725 2.833514140871105 3.7996708180901497 5.117814836544085 4.785148394363377 8.479053983249358 7.381637634786321 8.97245298633061 0
-0.166298878629108 -0.7645204676472868 -0.028361442385373525 4.264054540486587 4.119280730012667 6.557857680420228 5.908174627287741 5.586128891131896 11.471437160456915 12.08742211196477 0
